+33758565492
+4915510376239
+447476549631
+13828975306
+12543207600
+48794479287
+35796118441
+5493812231757
+35699127092
+447476575295
+12543207599
+16137067371
+12132322557
+12899174081
+61420157021
+3197058049223
+19517189378
+12543207592
+31657998141
+41779613044
+12543207593
+447480202325
+16137021732
+385976079140
+37126770744
+447862688216
+12899174110
+32463001383
+573161205372
+447480207040
+16088714148
+15802682406
+32468797438
+14079931170
+447476598458
+13543079380
+4367762487738
+15392083221
+16815984476
+12543207595
+12543207550
+447476524802
+34672010557
+447480207196
+12543207598
+46720266287
+12543207586
+17059985791
+447476508934
+12543207597
+48781993899
+17809005531
+64211057037
+18084792933
+16816665340
+447480207191
+12543207591
+36205672075
+16623542825
+13269990120
+17404619556
+447576942330
+15189601564
+12543207596
+15703929888
+4746711299
+447476563582
+37258074189
+447476569859
+421940826162
+447476574116
+12543207585
+447476522479
+16137023156
+19433337816
+12494830433
+447476539105
+18076966273
+15076985194
+447476566725
+12543207505
+34639710702
+447480210704
+447476516752
+12543207590
+447476529919
+18645585118
+12543207594
+447476530275
+447480210643
+447480202403
+447476549474
+447476514302
+3197058026595
+16137024099
+447472177599
+17312551155
+38665759335
+61485672028
+17246139031
+15405094747
+16137779527
+15489630371
+4915210229762
+16137021768
+38665718772
+447893927225
+12898250971
+447476540483
+447476518759
+447476549478
+19342231997
+12543207587
+447472138355
+32468797439
+3197058025783
+35796514049
+12543207589
+12186951205
+447893927250
+447476565507
+18302502045
+17063078563
+447476566254
+447476566465
+12262121501
+4915510369734
+14474006329
+18125028168
+17746088879
+12543207545
+13257284720
+447476557810
+447476585078
+5565945175954
+447480210176
+16063730229
+447476511397
+447476557891
+19062074560
+12898250787
+12176180518
+17203335754
+18154569047
+31630784570
+447476533641
+447476532926
+447476552339
+17823584585
+3197058028900
+19187620313
+17814048570
+17866642259
+17793849425
+12548368362
+447476558183
+15084649281
+61468207913
+17823584579
+447476566142
+13074418950
+3584573998784
+13158929445
+19285438188
+12098605545
+19709219634
+447476587189
+17432151529
+3197058025764
+541164113526
+447893927248
+19186732344
+12364569678
+447476597027
+447893927258
+16137023072
+447476587112
+15732061005
+13652428994
+3197058025774
+447476574671
+15162980937
+13213799095
+447893927231
+17823584594
+3197010518934
+447476546439
+447476517247
+447476511737
+15802682550
+46762669011
+12368791984
+447893927247
+447476529582
+12543207588
+38665718188
+447576932905
+61480001403
+14128660055
+447893927239
+3197058026597
+38665759767
+5493812232115
+15023589061
+447476510620
+447476599568
+447472138074
+14504894173
+447781486497
+447472139070
+13652428981
+3197058026598
+447472178174
+447893927224
+14407979340
+447476583971
+15079300058
+447476523275
+12899143028
+447462258462
+66689723318
+13142802116
+12899143002
+14304430192
+19303560253
+14752318208
+14352701887
+34690124664
+447476594903
+38665714715
+447476549498
+38665714760
+38665759097
+19852681909
+12898250955
+19704868538
+18577581901
+3584573998798
+447576975565
+61480046553
+3197058026589
+18408778531
+13652428920
+16233494283
+15809678325
+18632308151
+15074796888
+3197058025782
+14086343220
+573161754743
+447476594898
+16179288300
+16465180948
+12899046424
+16184050179
+16137049987
+3584573998698
+447476522962
+12543207520
+18043760754
+14353108816
+447893927259
+12543207522
+447472138762
+447476509049
+447462292907
+13023165706
+447476578791
+33754060130
+16137067939
+12368791966
+447476534756
+13215596674
+447481733593
+4791295276
+447472138290
+38665718896
+447472139086
+32468798865
+3197058025779
+16137067662
+447476546854
+32468797327
+447472138502
+15716986711
+447898191216
+18076957528
+3197058025759
+447576974878
+17823584741
+3584573997981
+447476596084
+14134050126
+12543207525
+16137023564
+16183661963
+3584573998794
+32468797449
+447576964836
+12543207560
+3197010518998
+3197058026591
+13203222738
+447476530881
+32468797446
+12723358060
+447893927233
+12018577757
+16182120362
+447893927254
+18147789152
+3197058028902
+3197058049224
+447476588246
+12368791963
+12899046405
+12899041318
+18148014748
+16206668272
+19455295364
+32468798844
+15109732447
+19716710322
+3584573998730
+447476577674
+12543207503
+3197058025766
+447476512273
+32468798861
+32468797386
+447476520251
+3584573997986
+12899143069
+447593932683
+19398930264
+16477976798
+447893927230
+447480203601
+3197058026594
+447781486484
+3197058026592
+447893927246
+447476510611
+13652420450
+16049009909
+15859817887
+447893927227
+4915511279254
+3197058025784
+18062309633
+19037269090
+48791163775
+447476528735
+3197058026585
+13233622844
+3197058026584
+32468798849
+447476508926
+447893927238
+16137023490
+13023164861
+3584573998791
+447576933129
+447481742249
+3584573998799
+447476520079
+16813218747
+3197058026599
+447893927240
+12543207584
+447476507843
+3197058025778
+12702008642
+385915180914
+19482650042
+38665714734
+32463001625
+32463001692
+33731812543
+18252015636
+3584573998699
+447472138397
+12282561486
+13214251036
+447476508218
+38665717956
+16137023946
+447893927251
+13174182925
+16505303148
+3197058026590
+447476531587
+447481735060
+447893927265
+447915895765
+19803931576
+447893927242
+32468797447
+32468798856
+573107714317
+447576938258
+19188886571
+447472139018
+12368791989
+12792865231
+13465871189
+3197058025763
+16137067421
+12368791977
+3584573998787
+3584573998785
+447472138451
+12899172282
+17257058931
+12133571151
+447476512072
+3584573998790
+15055200619
+32468798866
+17094011044
+447472139040
+3197058026587
+46720115203
+447476537959
+447576943013
+32468797499
+12498038226
+36209149969
+13364590888
+18658886966
+447576941282
+32468797231
+8618958009044
+447893927249
+17823584822
+14849408765
+19167969168
+447576972074
+447599512664
+17432151403
+17823584790
+447893927252
+17785715116
+16137023619
+3197058025769
+447893927263
+447893927234
+12898250774
+447472138384
+447576933517
+12368791910
+15803373046
+13234507814
+13652428869
+16572911188
+12368791915
+19712208836
+19109090007
+13466880248
+12899172135
+3197058028903
+3197058025773
+447476577857
+32498616494
+15393333613
+447893927272
+421944801741
+12544430121
+3584573994886
+3584573988927
+447462260922
+13023856111
+17013535627
+3197010518999
+17438007179
+12892687741
+14128870343
+12702489382
+15802031528
+3584573988988
+13656120104
+14485009228
+447893927257
+447882795725
+447462257484
+447893927269
+4915511001909
+38665714708
+3197058046298
+32468797235
+13854768715
+917740573268
+17744841618
+447476574595
+38665714695
+14012478571
+447472138293
+12137260893
+19393829090
+3584573988219
+3584573998796
+3197058026469
+3584573998792
+12549380248
+12543207549
+12899172727
+33752989028
+447893927226
+32468797232
+447472138588
+32463001308
+12563338538
+13652428860
+3584573988991
+4523561585
+14632100573
+17408058344
+19378170088
+36205671529
+447576932147
+32468797234
+32468797399
+3197058025771
+32468797187
+12543207514
+12543207544
+12899142985
+14244444396
+32468797385
+19789540722
+17604568999
+32468797218
+12543207531
+12407758625
+15074837427
+13147225482
+447781486482
+17059985710
+16029277373
+46760600804
+3584573998789
+447462292100
+32463001387
+447476595301
+46726415910
+38665700565
+32463001208
+447893927261
+32468797233
+19392144376
+12368791953
+17736589777
+12368791958
+38665718194
+32463001250
+12543207530
+32463001339
+447462290139
+12368791981
+12543207510
+447462258284
+447480738988
+19364190851
+32468797360
+447893927260
+447576932185
+447893927266
+447472138276
+12543207568
+32468797230
+18628030088
+38665714984
+19393965347
+447476594093
+12368791978
+447893927236
+32463001201
+32463001687
+3197058026424
+38665718092
+447893927244
+918025721490
+3197058025989
+12543207552
+3584573998772
+17164140399
+32468797404
+447481745043
+447781486489
+12368791938
+32468797444
+447481735093
+19712363956
+38665759740
+15706491011
+3197058046275
+447481735351
+447472138112
+14435769826
+61480049521
+13186049888
+19393965376
+3584573998795
+61403838280
+447893927268
+32463001334
+32468797462
+447472138545
+447576972603
+16137023840
+37254562637
+38665714648
+447472138541
+12543207554
+447476574983
+447481722405
+447893927245
+38665714786
+38665714669
+19392144455
+17823584862
+573136547613
+38665759898
+32468798855
+12368791906
+447576934727
+447476543675
+15485875133
+32468798859
+3584573988999
+32463001326
+38665719088
+32468797207
+13177999072
+32468797087
+3197058026547
+19293127188
+32468797306
+38665700669
+32468797357
+447893927229
+3197058025768
+447476591901
+447576941311
+12368791952
+38665714651
+32468797410
+447462251040
+3197058026586
+12543207543
+447893927228
+32468797495
+12522859555
+12543207582
+541155970925
+12368791903
+12676032777
+3197058047039
+32463001204
+447472138992
+38665719090
+38665714672
+38665759812
+13859550088
+13082080141
+38665718193
+19034882834
+447781486469
+3584573988209
+38665718054
+32468798863
+12543207583
+38665717997
+38665700768
+38665714689
+38665714684
+32468797426
+447476597867
+3584573993601
+19379982882
+3197058026588
+15743660888
+32468797353
+38665719087
+447462258365
+38665719050
+32468797133
+447576971314
+15136019777
+32468797483
+447893927243
+447893927270
+36207730559
+18282768125
+4915210336958
+32468797341
+32468797125
+447462278221
+523369143741
+3197058025772
+31657075273
+543812133255
+3197058026382
+12543207556
+3584573988997
+38665714995
+17864359585
+38665700645
+38665714797
+38665719094
+12187729205
+12899174012
+31613449087
+447893927241
+32463001368
+447893927255
+32468797324
+15734091248
+447781486483
+32468797441
+447462257612
+17755472672
+12368791900
+12543207546
+32468798867
+3584573998680
+447781486453
+447893927271
+38665718072
+3197010518753
+12368791901
+32468797450
+3584573998764
+3197010518881
+32463001213
+3197058026511
+17823584618
+447898154440
+32463001246
+13023640873
+15127630888
+3584573988990
+32468797075
+447781486486
+447441906657
+3197058046269
+12698889713
+32468797244
+38665719083
+38665714733
+3584573998780
+17016451136
+3197010518837
+32463001374
+34749043726
+447893927264
+38665718099
+32468797190
+34660250692
+17248040697
+3197058026501
+32468797229
+3197010518943
+18129820383
+12899045375
+38665714752
+3197058026402
+447480751903
+38665714994
+38665719096
+3197058026583
+13134791374
+32468797340
+447476536919
+447893927262
+32468797443
+3584573998779
+447480736725
+12368791994
+447476528120
+38665718057
+3197058046299
+3584573998712
+37254506596
+38665714722
+3584573998707
+3197010518887
+12543207559
+447476531244
+12368791998
+38665719077
+46726411391
+12368791970
+32468797448
+19709219555
+3584573998774
+13469089738
+447476509816
+447781486468
+447462249904
+12532058123
+12368791948
+15713089666
+32463001666
+447893927237
+17823584688
+32463001243
+38665759328
+447462253990
+13652428892
+19124186221
+38665718028
+38665719080
+32463001370
+3197058047195
+32468797352
+13155832090
+12543207502
+38665718150
+16477957103
+32468797479
+16162059790
+447462258456
+61480050952
+13652875622
+32468797481
+447472138267
+38665718095
+38665708118
+38665718144
+38665718097
+3584573998746
+447481732301
+38665714776
+3197058026593
+12898250954
+38665714643
+32463001312
+3197058026480
+38665700529
+32468797228
+32468797437
+38665700650
+32463001220
+32468797058
+447476588798
+3584573997991
+32468797102
+38665719067
+38665719055
+32468797349
+32468797312
+3584573988979
+38665708119
+17866992205
+3197058025517
+3197010518925
+3584573998773
+13067004071
+3197010518961
+32468797129
+38665719063
+48573583786
+38665719084
+38665732419
+19155822766
+38665719082
+38665714740
+48573583799
+3584573998775
+32468797461
+32468797179
+32463001360
+3197058026407
+12368791949
+3197058028904
+32468797134
+32468797392
+12368791945
+38665714998
+12543207512
+12543207507
+32468797470
+447480738425
+38665700655
+32463001212
+32468797089
+3197058026349
+12543207555
+38665708113
+447781486478
+32468797498
+33745629598
+46791403474
+12368791927
+32468797316
+12368791912
+38665714726
+3197058047062
+32468798854
+18148308339
+447480763723
+32468797337
+38665719054
+12368791996
+12368791950
+32463001279
+32463001393
+3197058025961
+12368791974
+3584573998714
+38665714750
+12368791997
+3584573998717
+32468797423
+32468797118
+3584573998786
+3584573998729
+32468797491
+32468797255
+32468797163
+38665718127
+447882798123
+3197058026414
+447462263040
+12368791999
+38665718140
+3197058026557
+32468797068
+447915894026
+32468797475
+541132885433
+3197058026506
+32468798864
+17372957999
+12368791911
+38665719069
+32463001307
+16137063399
+32468797406
+12368791969
+38665718011
+447781486461
+38665714781
+38665708111
+12368791929
+38665718281
+12314651006
+18193079288
+12368791935
+447915844950
+32468797497
+3584573988217
+16207151103
+32463001238
+3197058025526
+12368791921
+32468797372
+32468797467
+3197058026562
+12368791926
+3197058047251
+3197058047052
+917475622935
+48573583785
+32468797119
+32468797167
+14158431888
+12368791939
+12543207571
+12368791975
+38665714780
+38665719099
+447476598490
+12543207548
+32463001257
+12522205680
+38665714739
+3584573988206
+38665719073
+3584573998697
+32468797459
+38665714712
+32468797342
+3197058047130
+15712689710
+38665708114
+3584573998702
+447480753870
+12368791946
+3197010518831
+32463001382
+38665714988
+32468797212
+38665719076
+32468797080
+38665718039
+38665719052
+32468797064
+12368791902
